   0
46.295631 91.555634
81.617882 68.661888
88.606255 44.807892
17.340824 51.322502
6.712306 30.786091
36.981384 11.444460
68.304672 25.833399
24.743328 57.606441
55.846149 28.785923
29.428268 84.728188
6.164444 78.356262
80.837624 64.202080
73.417213 80.370064
94.415840 15.443926
30.509529 84.877327
76.432961 26.996889
95.658783 76.805161
21.613049 58.050842
9.373343 84.265030
15.051121 38.953873
50.398331 16.085648
41.919048 52.032501
9.638941 18.703007
47.488930 66.662376
51.390564 65.485092
43.841358 76.917198
41.119278 57.555008
37.925072 24.678986
40.122910 14.536497
99.413826 32.340912
59.337799 70.632439
47.437603 75.846786
33.897625 54.996578
39.261608 69.050652
8.004523 43.270966
59.356617 54.312729
6.345232 58.402855
77.105865 1.275664
67.938042 15.984173
81.469269 24.594793
1.511992 19.328604
76.883606 25.310623
49.989613 42.631271
57.167770 14.808679
47.149590 90.112518
60.744965 56.581585
32.428371 6.487391
61.483967 8.182564
77.233215 66.325996
9.596965 0.745577
55.058308 85.237732
43.640594 68.953583
70.229248 61.403538
77.387711 20.746456
45.341251 38.167286
57.495892 58.856976
84.167603 46.853245
89.484512 34.379498
49.188179 34.157211
24.269733 46.652283
3.233870 96.337769
2.825158 85.014694
93.197266 35.662243
1.988240 64.309128
65.054703 70.430473
55.668213 11.585205
80.538788 20.113010
81.516548 99.308800
20.055260 50.768028
88.935318 58.904259
17.761234 65.396515
12.249754 46.431206
80.810707 1.928835
36.086048 1.734267
48.386551 29.998884
26.336649 60.355782
45.370476 51.620419
87.282661 29.161808
93.470932 38.567738
8.998208 89.270905
0.856107 58.525639
78.638649 64.666420
63.975220 81.394890
32.162926 60.155193
19.059456 84.030479
49.426991 21.098242
67.529449 36.820690
38.749523 61.676746
63.411011 48.340153
78.339043 74.835571
35.191353 11.797560
63.417976 4.675687
33.837494 80.561829
19.129562 50.700642
39.971542 27.308428
85.834068 28.127771
92.794189 40.827648
22.222542 64.472717
24.627911 56.769413
40.799892 54.385464