100
100.0
0 0.25 46.295631 91.555634
1 0.25 81.617882 68.661888
2 0.25 88.606255 44.807892
3 0.25 17.340824 51.322502
4 0.25 6.712306 30.786091
5 0.25 36.981384 11.44446
6 0.25 68.304672 25.833399
7 0.25 24.743328 57.606441
8 0.25 55.846149 28.785923
9 0.25 29.428268 84.728188
10 0.25 6.164444 78.356262
11 0.25 80.837624 64.20208
12 0.25 73.417213 80.370064
13 0.25 94.41584 15.443926
14 0.25 30.509529 84.877327
15 0.25 76.432961 26.996889
16 0.25 95.658783 76.805161
17 0.25 21.613049 58.050842
18 0.25 9.373343 84.26503
19 0.25 15.051121 38.953873
20 0.25 50.398331 16.085648
21 0.25 41.919048 52.032501
22 0.25 9.638941 18.703007
23 0.25 47.48893 66.662376
24 0.25 51.390564 65.485092
25 0.25 43.841358 76.917198
26 0.25 41.119278 57.555008
27 0.25 37.925072 24.678986
28 0.25 40.12291 14.536497
29 0.25 99.413826 32.340912
30 0.25 59.337799 70.632439
31 0.25 47.437603 75.846786
32 0.25 33.897625 54.996578
33 0.25 39.261608 69.050652
34 0.25 8.004523 43.270966
35 0.25 59.356617 54.312729
36 0.25 6.345232 58.402855
37 0.25 77.105865 1.275664
38 0.25 67.938042 15.984173
39 0.25 81.469269 24.594793
40 0.25 1.511992 19.328604
41 0.25 76.883606 25.310623
42 0.25 49.989613 42.631271
43 0.25 57.16777 14.808679
44 0.25 47.14959 90.112518
45 0.25 60.744965 56.581585
46 0.25 32.428371 6.487391
47 0.25 61.483967 8.182564
48 0.25 77.233215 66.325996
49 0.25 9.596965 0.745577
50 0.25 55.058308 85.237732
51 0.25 43.640594 68.953583
52 0.25 70.229248 61.403538
53 0.25 77.387711 20.746456
54 0.25 45.341251 38.167286
55 0.25 57.495892 58.856976
56 0.25 84.167603 46.853245
57 0.25 89.484512 34.379498
58 0.25 49.188179 34.157211
59 0.25 24.269733 46.652283
60 0.25 3.23387 96.337769
61 0.25 2.825158 85.014694
62 0.25 93.197266 35.662243
63 0.25 1.98824 64.309128
64 0.25 65.054703 70.430473
65 0.25 55.668213 11.585205
66 0.25 80.538788 20.11301
67 0.25 81.516548 99.3088
68 0.25 20.05526 50.768028
69 0.25 88.935318 58.904259
70 0.25 17.761234 65.396515
71 0.25 12.249754 46.431206
72 0.25 80.810707 1.928835
73 0.25 36.086048 1.734267
74 0.25 48.386551 29.998884
75 0.25 26.336649 60.355782
76 0.25 45.370476 51.620419
77 0.25 87.282661 29.161808
78 0.25 93.470932 38.567738
79 0.25 8.998208 89.270905
80 0.25 0.856107 58.525639
81 0.25 78.638649 64.66642
82 0.25 63.97522 81.39489
83 0.25 32.162926 60.155193
84 0.25 19.059456 84.030479
85 0.25 49.426991 21.098242
86 0.25 67.529449 36.82069
87 0.25 38.749523 61.676746
88 0.25 63.411011 48.340153
89 0.25 78.339043 74.835571
90 0.25 35.191353 11.79756
91 0.25 63.417976 4.675687
92 0.25 33.837494 80.561829
93 0.25 19.129562 50.700642
94 0.25 39.971542 27.308428
95 0.25 85.834068 28.127771
96 0.25 92.794189 40.827648
97 0.25 22.222542 64.472717
98 0.25 24.627911 56.769413
99 0.25 40.799892 54.385464
